216.98975
194.42154
180.75002
166.73921
152.57222
152.10773
122.8292
121.55641
119.72894
110.19111
101.4103
99.66825
96.878525
97.82302
64.32697
103.89539
113.65339
99.0697
98.63482
95.36822
89.509766
104.480934
103.148735
98.17287
91.01278
72.50891
65.12228
60.753605
49.71711
27.333193
22.612616
19.03626
13.601994
3.6436942
-9.906027
-20.423197
-24.18022
-37.133
-48.865482
-57.008327
-64.769485
-67.666504
-73.93723
-77.81303
-78.96459
-83.22214
-88.15041
-90.47865
-93.679054
-99.42127
-101.32837
-81.318275
-74.95547
-89.47491
-82.88467
-79.25318
-82.17379
-87.063644
-94.77616
-99.61671
-107.66008
-133.7995
-138.18784
-124.30416
-107.78887
-104.26185
-107.00402
-104.22819
-102.3937
-93.90212
-87.43646
-72.45676
-70.12762
-70.78169
-70.347855
-81.78567
-88.646614
-80.253204
-76.37876
-76.69088
-72.875114
-76.64573
-78.80827
-83.45656
-85.151024
-81.35157
-81.77271
-87.424065
-85.03153
-78.088295
-85.602844
-90.157555
-84.73782
-49.283073
-66.19891
-72.71432
-63.630993
-63.26714
-64.0986
-66.5714
-57.56917
-66.71406
-51.822594
-52.253174
-54.144764
-54.577236
-61.649273
-59.800724
-58.37321
-62.64532
-68.3691
-75.74093
-87.914116
-92.22976
-90.08968
-87.496605
-85.92912
-86.61259
-78.13863
-77.597885
-78.009544
-76.10009
-80.57064
-80.66424
-82.090004
-88.88021
-84.43548
-95.98934
-95.11989
-84.318146
-81.16911
-87.12954
-83.25248
-81.31866
-86.97243
-91.74244
-94.99697
-95.230644
-89.16181
-92.109795
-79.946976
-76.26949
-73.29748
-78.03445
-78.291176
-76.42979
-81.07786
-76.20794
-139.71957
-74.09577
-69.92599
-61.709167
-73.386406
-87.56765
-96.65
-87.655174
-73.33192
-71.1515
-77.21038
-70.31701
-58.906086
-62.647884
-53.96564
-53.19887
-47.94974
-49.248642
-40.05617
-36.054188
-33.148685
-34.384586
-29.750875
-35.43886
-30.724205
-24.10027
-25.581236
-22.965105
-41.265694
-34.739906
-37.56772
-22.486544
-19.399582
-17.5095
-10.435333
3.3100345
23.114817
34.633923
6.5632367
19.601677
18.209368
-13.008688
-16.21215
-20.979671
-40.182735
-25.885738
-9.341324
-0.3225697
-0.10152229
7.3550935
12.499426
6.289445
8.098703
12.651539
11.472066
15.16605
15.099201
25.681067
28.528797
26.042774
25.263952
19.95734
12.30266
4.4630156
8.286568
11.524824
10.023846
28.134848
6.1866627
6.9929433
19.457195
23.835304
24.387197
28.997059
40.924744
34.526527
39.711277
50.107357
50.512894
57.590744
56.366375
49.33871
40.24822
39.04944
48.412285
50.675495
56.974117
68.04121
58.503162
50.44826
77.42925
65.62829
65.694084
84.391136
76.45885
81.68859
86.247025
102.40253
104.670586
84.92195
89.08766
102.9387
104.39153
90.903885
95.9598
76.61654
88.14005
91.14789
101.00674
101.29728
110.676
111.67141
103.41018
106.9463
108.350105
114.20435
113.78738
111.26287
115.55627
117.488815
116.69597
118.10429
117.775734
116.636314
116.50143
117.669945
118.203865
118.19094
119.342995
116.47435
126.89683
119.63192
117.29216
106.91408
105.94767
99.36522
101.655815
104.25651
102.4226
99.87032
98.89997
98.99122
98.56322
102.188805
113.71085
111.44229
113.44927
155.52771
177.86844
169.42325
154.1496
141.49088
144.66052
138.721
139.43904
145.56104
147.58138
151.88538
154.24232
153.81317
152.6236
156.39426
147.99664
150.40105
151.88196
151.39243
149.22421
141.98665
158.38329
158.18286
169.14853
165.77856
155.64145
163.0463
161.10373
169.42743
146.61063
182.77982
176.74623
165.20595
165.0781
164.77975
176.49321
164.11646
161.90668
165.64325
183.51668
163.15988
166.74829
177.44016
189.09685
182.91599
170.08867
158.1915
152.83763
162.13611
154.56432
149.19476
142.71861
144.09357
139.31015
151.84451
154.43964
160.94577
156.95541
157.8404
149.4035
143.48099
151.2734
129.0415
116.198006
118.23138
114.07815
100.41459
87.70374
92.6898
90.6778
87.93226
91.282936
88.84426
77.9955
71.477875
83.843834
92.06412
84.250465
76.76941
77.84834
90.866684
98.99882
97.51151
91.24531
102.46598
108.08944
91.893585
89.65725
104.28602
100.12528
97.71026
103.29734
93.42885
94.12084
119.28692
122.0424
103.67626
119.06807
120.80701
134.5726
131.28658
127.75781
109.84999
125.45246
158.96382
154.34875
148.9196
152.38809
157.37994
148.16417
145.2214
152.13861
153.01839
153.34427
151.96045
161.45355
163.30797
175.37247
195.2012
193.03717
192.32883
206.19293
212.41312
212.31192
199.69138
214.79784
209.85516
206.70296
199.89725
194.45767
181.8716
186.0711
194.62102
205.0529
204.33469
225.09113
221.13168
220.16188
235.48714
243.75691
258.13562
271.48727
264.83914
268.9066
279.85165
284.9006
300.74063
